Pfahl_dec_20atm=[
    1297.87234	0.770491803	12	90.83238519	54.49943112
1234.817814	0.809836066	12	189.938161	113.9628966
1204.235463	0.830402385	12	251.9098497	151.1459098
1095.689092	0.91266766	12	870.0784243	522.0470546
1066.433566	0.937704918	12	791.2576649	474.7545989
1013.289037	0.986885246	12	1680.364423	1008.218654
936.1049107	1.068256334	12	1931.573337	1158.944002
932.2033898	1.072727273	12	2816.325604	1689.795362
915.4160982	1.092399404	12	3735.30403	2241.182418
857.1793562	1.16661699	12	2765.596281	1659.357768
836.6583541	1.195230999	12	2989.461373	1793.676824
798.4293194	1.252459016	12	2471.89845	1483.13907
764.0628558	1.308792846	12	2076.368423	1245.821054
731.0960994	1.36780924	12	2464.440492	1478.664295
697.3602162	1.433979136	12	3587.468327	2152.480996
];

Shen_dec_20atm=[
    1011	0.989119683	12	1135	681
1041	0.960614793	11	881	484.55
1085	0.921658986	11.7	615	359.775
1088	0.919117647	11.4	513	292.41
1145	0.873362445	10.4	359	186.68
1175	0.85106383	10.9	311	169.495
1263	0.791765637	10.5	108	56.7
1276	0.78369906	9.9	114	56.43
1378	0.725689405	10.6	40	21.2
836	1.196172249	37.2	757	1408.02
900	1.111111111	43.1	692	1491.26
928	1.077586207	43.1	625	1346.875
929	1.076426265	42.5	551	1170.875
938	1.066098081	42.4	565	1197.8
955	1.047120419	42.5	597	1268.625
970	1.030927835	45.6	397	905.16
976	1.024590164	43.3	471	1019.715
1003	0.997008973	41.9	364	762.58
1032	0.968992248	39.5	351	693.225
1079	0.926784059	39.8	186	370.14
1133	0.882612533	38.9	135	262.575
1144	0.874125874	33.9	128	216.96
1158	0.863557858	37.7	113	213.005
1271	0.786782061	35.8	37	66.23
];


Fieweger_ioct_20atm=[    %%
    1208.053691	0.827777778	33.6	67.64376051	100.8592862
1113.402062	0.898148148	33.6	293.7033517	437.9222885
990.8256881	1.009259259	33.6	1148.263098	1712.101685
980.9264305	1.019444444	33.6	1159.263587	1728.503812
961.7097061	1.039814815	33.6	1251.147431	1865.505937
926.2435678	1.07962963	33.6	2195.911873	3274.183788
917.5870858	1.089814815	33.6	2632.024061	3924.442787
800	1.25	33.6	10388.74645	15489.99558
781.4761216	1.27962963	33.6	8107.793734	12089.01283
729.7297297	1.37037037	33.6	9004.328811	13425.77896
699.0291262	1.430555556	33.6	10792.60528	16092.16367
1186.813187	0.842592593	16.8	191.2376943	167.2124265
1055.718475	0.947222222	16.8	1105.295141	966.4364717
980.0362976	1.02037037	16.8	2392.6655	2092.073979
951.5418502	1.050925926	16.8	2813.684268	2460.199991
];

Davidson_ioct_20atm=[
    984	1.016260163	18.1	1511	1396.422513
995	1.005025126	16.3	1535	1305.938997
1043	0.958772771	17.1	927	819.0925291
1077	0.928505107	18.4	604	565.4957199
1109	0.901713255	15.9	516	430.4668708
1159	0.86281277	14.9	214	169.5966341
];

Shen_ioct_20atm=[
1021	0.979431929	19.8	1059	1051.04753
1032	0.968992248	25.5	850	1019.885845
1045	0.956937799	26	645	785.2667863
1058	0.945179584	24.5	704	819.7373542
1072	0.932835821	22.8	509	561.5603303
1078	0.927643785	23.9	439	501.7535446
1084	0.922509225	24.2	494	569.9227281
1085	0.921658986	24.1	429	493.3982188
1088	0.919117647	25.9	449	545.0654663
1118	0.894454383	23.5	295	332.9280721
1132	0.883392226	23.2	220	245.9043281
1142	0.875656743	19	220	211.6973321
1145	0.873362445	21.3	207	217.0114013
1205	0.829875519	20.7	104	106.7182271
1223	0.817661488	20.4	91	92.36161562
];

Oehlschlaeger_hmn_20atm=[
    993	1.007049345	14	984	739.7305083
972	1.028806584	31.2	813	1160.353253
1039	0.962463908	31.8	299	433.3001983
1074	0.931098696	27	193	245.3716164
1083	0.923361034	25.4	183	221.5613826
1179	0.848176421	28.5	63	83.63584343
1195	0.836820084	26.5	62	77.65410026
];

% Oehlschlaeger_hmn_20atm=[
%     993	14	984	1.007049345	688.8
% 1046	11.7	662	0.956022945	387.27
% 1098	9.8	472	0.910746812	231.28
% 1161	12.5	173	0.861326443	108.125
% 1210	10.9	119	0.826446281	64.855
% 1304	10.4	59	0.766871166	30.68
% 1309	9.9	49	0.76394194	24.255
% 953	46.9	1014	1.049317943	2377.83
% 968	37.1	963	1.033057851	1786.365
% 972	31.2	813	1.028806584	1268.28
% 986	43.8	600	1.014198783	1314
% 1039	31.8	299	0.962463908	475.41
% 1074	27	193	0.931098696	260.55
% 1083	25.4	183	0.923361034	232.41
% 1179	28.5	63	0.848176421	89.775
% 1195	26.5	62	0.836820084	82.15
% ];

Oehlschlaeger_hmn_40atm=[
    953	1.049317943	46.9	1014	1151.670483
968	1.033057851	37.1	963	906.728824
972	1.028806584	31.2	813	666.4479367
986	1.014198783	43.8	600	645.1824505
1039	0.962463908	31.8	299	248.8656125
1074	0.931098696	27	193	140.928986
1083	0.923361034	25.4	183	127.2535978
1179	0.848176421	28.5	63	48.03617788
1195	0.836820084	26.5	62	44.60056861
];

Shen_dode_20atm=[
924     1.082251082	17.8	1299	1156.11
999     1.001001001	12.1	822	497.31
1014	0.986193294	13.9	713	495.535
1014	0.986193294	13.8	740	510.6
1030	0.970873786	12.3	656	403.44

1103	0.906618314	12.8	343	219.52

1135	0.881057269	13.9	257	178.615

1177	0.849617672	14.9	162	120.69
1178	0.848896435	12.4	194	120.28
1210	0.826446281	13.4	123	82.41];
Shen_dode_40atm=[
877	1.140250855	45	801	901.125
913	1.095290252	41.8	757	791.065
945	1.058201058	43.2	737	795.96
978	1.022494888	43.8	506	554.07
1020	0.980392157	45.2	342	386.46
1043	0.958772771	41	270	276.75
1080	0.925925926	40.6	206	209.09
1097	0.911577028	41.3	157	162.1025
1102	0.907441016	44.2	155	171.275
1114	0.897666068	38.6	129	124.485
1122	0.891265597	42.6	120	127.8
];    
Vasu_dode_20atm=[
    727	1.375515818	27	809	1092.15
773	1.293661061	28.7	556	797.86
818	1.222493888	26.9	881	1184.945
822	1.216545012	23.3	805	937.825
855	1.169590643	25.9	875	1133.125
869	1.150747986	22.5	1040	1170
907	1.102535832	23.4	1081	1264.77
942	1.061571125	21	1116	1171.8
953	1.049317943	20	1141	1141
957	1.044932079	19.8	1064	1053.36
976	1.024590164	20.5	800	820
978	1.022494888	22.9	912	1044.24
987	1.013171226	22	699	768.9
991	1.009081736	21.8	645	703.05
992	1.008064516	20.4	739	753.78
1008	0.992063492	22.4	570	638.4
1015	0.985221675	22.3	508	566.42
1036	0.965250965	22.1	432	477.36
1087	0.919963201	19.4	403	390.91
1102	0.907441016	20.8	268	278.72
1107	0.903342367	23.3	298	347.17
1109	0.901713255	23	278	319.7
1118	0.894454383	33.7	183	308.355
1123	0.89047195	24	262	314.4
1125	0.888888889	18.7	188	175.78
1135	0.881057269	20.6	178	183.34
];
Oehlschlaeger_decalin_20atm=[
1037	0.964320154	15.2	867	699.9285351
1049	0.953288847	13.5	871	641.0251926
1057	0.946073794	12.5	825	571.7950114
1063	0.940733772	13.9	627	472.0800943
1074	0.931098696	12.2	580	394.4439188
1105	0.904977376	14.1	371	282.4629047
1134	0.881834215	10.5	315	190.5613454
1164	0.859106529	11.4	200	129.0067348];
Zhu_decalin_20atm = [
    1202	0.831946755	16.6	109	90.47
1193	0.838222967	18.8	106	99.64
1145	0.873362445	20.5	157	160.925
1100	0.909090909	18.9	284	268.38
1090	0.917431193	19.9	261	259.695
1068	0.936329588	19.2	381	365.76
1059	0.944287063	20.5	396	405.9
1051	0.951474786	19.3	440	424.6
1014	0.986193294	26.8	553	741.02
1012	0.988142292	23.3	788	918.02
990	1.01010101	22.1	917	1013.285
951	1.051524711	24.1	1271	1531.555
914	1.094091904	19.5	2644	2577.9
876	1.141552511	20.2	3291	3323.91
830	1.204819277	24	3049	3658.8
802	1.246882793	19.3	5341	5154.065
769	1.300390117	15.5	8746	6778.15
];
Zhu_decalin_50atm = [
    1043	0.958772771	46	264	242.88
1011	0.989119683	50.4	413	416.304
1006	0.994035785	46.4	443	411.104
962	1.03950104	47.9	891	853.578
961	1.040582726	50.1	804	805.608
941	1.062699256	50.6	1024	1036.288
912	1.096491228	48.9	903	883.134
883	1.132502831	56.6	638	722.216
852	1.17370892	37.8	1984	1499.904
831	1.203369434	48.3	3411	3295.026
];

Shen_tol_20atm=[
    1129	0.885739593	13.4	1380	891.8680812
1164	0.859106529	13.5	934	608.5384005
1197	0.835421888	12.4	798	473.9252337
1235	0.809716599	11.3	483	259.2268239
1239	0.807102502	14.5	471	331.7335027
1290	0.775193798	11.2	281	149.358956
1371	0.729394602	13.2	137	87.10106333
];
