% experimental data 
% Jet-A 4658
% Vasu -> Vasu et al.
% Wang -> Wang and Oehlschlaeger
% Dooley -> Dooley et al.

% T  1000/T P ID_raw ID_scaled
% scaling factor of -1 was used

Vasu_20atm=[
    715	1.399	21.7	3286	3565.31
753	1.328	21.8	2584	2816.56
763	1.311	21.5	2423	2604.725
774	1.292	19.4	2566	2489.02
785	1.274	21.1	2484	2620.62
786	1.272	19.7	2742	2700.87
808	1.238	20.8	2628	2733.12
874	1.144	23.3	3109	3621.985
880	1.136	25.1	2355	2955.525
952	1.05	24	1358	1629.6
958	1.044	22.5	1287	1447.875
963	1.038	21.7	1412	1532.02
987	1.013	21.3	984	1047.96
1035	0.966	21.9	539	590.205
1042	0.96	22	486	534.6
1130	0.885	24.8	138	171.12
];

Vasu_40atm=[
934	1.071	31.4	1230	965.55
974	1.027	32.5	777	631.3125
997	1.003	32.1	641	514.4025
961	1.041	49.3	528	650.76
1009	0.991	50.9	286	363.935
1090	0.917	50.5	115	145.1875
1124	0.89	47.8	80	95.6
];

Wang_20atm=[
    674	1.483679525	20.8	8974	9332.96
680	1.470588235	21.8	6703	7306.27
681	1.468428781	21.3	5821	6199.365
700	1.428571429	23.5	3887	4567.225
703	1.422475107	23.7	4216	4995.96
704	1.420454545	23.4	3204	3748.68
717	1.394700139	24.3	2737	3325.455
723	1.383125864	20	2287	2287
737	1.356852103	23.7	1871	2217.135
750	1.333333333	20.9	1842	1924.89
753	1.328021248	20.8	1894	1969.76
755	1.324503311	21.2	1788	1895.28
757	1.321003963	20.5	1757	1800.925
797	1.254705144	23	1618	1860.7
797	1.254705144	24.8	1618	2006.32
802	1.246882793	21.5	1616	1737.2
803	1.245330012	23.2	1625	1885
815	1.226993865	22.1	1742	1924.91
820	1.219512195	19.1	2102	2007.41
826	1.210653753	21.2	1896	2009.76
831	1.203369434	21.7	1789	1941.065
836	1.196172249	20.5	2038	2088.95
845	1.183431953	20.9	2138	2234.21
849	1.177856302	21.2	2059	2182.54
849	1.177856302	22.1	1897	2096.185
851	1.175088132	21.8	1908	2079.72
871	1.148105626	22.8	1843	2101.02
882	1.133786848	21.6	2032	2194.56
904	1.10619469	21.5	2031	2183.325
931	1.074113856	20.9	1749	1827.705
940	1.063829787	22.7	1675	1901.125
955	1.047120419	21.1	1354	1428.47
973	1.027749229	21.7	1236	1341.06
984	1.016260163	19.9	1140	1134.3
991	1.009081736	18.9	1050	992.25
1025	0.975609756	19.2	816	783.36
1043	0.958772771	16.7	706	589.51
1046	0.956022945	21.6	563	608.04
1050	0.952380952	21	458	480.9
1072	0.932835821	19.3	464	447.76
1083	0.923361034	19.1	375	358.125
1092	0.915750916	18.4	318	292.56
1100	0.909090909	16.9	355	299.975
1106	0.904159132	18.2	261	237.51
1109	0.901713255	18.1	249	225.345
1117	0.895255148	17.7	225	199.125
1126	0.888099467	19.2	185	177.6
1138	0.878734622	18.7	181	169.235
1143	0.874890639	18.1	176	159.28
1145	0.873362445	17.2	184	158.24
1177	0.849617672	18.1	104	94.12
1187	0.842459983	16.3	116	94.54
1197	0.835421888	16.5	95	78.375
1222	0.818330606	16.8	77	64.68
];

Wang_40atm=[
    741	1.349527665	36.6	1885	1724.775
763	1.31061599	40.3	1707	1719.8025
812	1.231527094	38.5	1644	1582.35
832	1.201923077	36	1661	1494.9
848	1.179245283	40.1	1727	1731.3175
852	1.17370892	36.9	1423	1312.7175
854	1.170960187	36.9	1423	1312.7175
855	1.169590643	35.7	1824	1627.92
888	1.126126126	39.3	1550	1522.875
896	1.116071429	38.1	1640	1562.1
904	1.10619469	34.5	1689	1456.7625
916	1.091703057	39.9	1483	1479.2925
945	1.058201058	36.5	1192	1087.7
964	1.037344398	41.1	819	841.5225
978	1.022494888	40.2	821	825.105
1007	0.993048659	38.8	542	525.74
1008	0.992063492	40.3	689	694.1675
1021	0.979431929	38.8	462	448.14
1030	0.970873786	38.6	456	440.04
1034	0.967117988	40.9	495	506.1375
1054	0.948766603	38.5	298	286.825
1103	0.906618314	40.2	169	169.845
1132	0.883392226	39.6	107	105.93
1161	0.861326443	40.3	92	92.69
1162	0.860585198	40.9	79	80.7775
1163	0.859845228	38.7	96	92.88
1224	0.816993464	40.9	40	40.9
1229	0.81366965	38.8	38	36.86
];

Dooley_20atm=[
    653.3	1.530690341	22	24100	26510
663.4	1.507386192	22	18700	20570
671.5	1.489203276	22	12980	14278
680	1.470588235	22	8380	9218
690.8	1.447596989	22	6600	7260
699.4	1.429796969	22	4600	5060
709.6	1.409244645	22	3480	3828
];

Wang_20atm_rich=[
    662	1.510574018	19.8	8311	8227.89
670	1.492537313	20	6770	6770
672	1.488095238	20.1	5285	5311.425
684	1.461988304	21.1	3656	3857.08
701	1.426533524	18.8	2811	2642.34
706	1.416430595	23	2528	2907.2
710	1.408450704	23.5	2331	2738.925
717	1.394700139	19.7	1720	1694.2
724	1.38121547	21.1	1973	2081.515
743	1.34589502	18.7	1709	1597.915
759	1.317523057	19.6	1832	1795.36
774	1.291989664	20.6	1481	1525.43
810	1.234567901	21	1678	1761.9
813	1.2300123	18.4	1651	1518.92
832	1.201923077	19.6	2052	2010.96
837	1.19474313	19.1	1761	1681.755
854	1.170960187	19.2	2064	1981.44
880	1.136363636	22.2	1655	1837.05
894	1.118568233	23.4	1662	1944.54
901	1.109877913	20.4	1931	1969.62
910	1.098901099	20.5	1612	1652.3
972	1.028806584	20.2	1024	1034.24
989	1.011122346	23.2	816	946.56
1004	0.996015936	18.9	756	714.42
1014	0.986193294	21.2	628	665.68
1014	0.986193294	21.7	522	566.37
1020	0.980392157	20.9	524	547.58
1021	0.979431929	20.4	541	551.82
1049	0.953288847	22.4	371	415.52
1075	0.930232558	21.9	279	305.505
1088	0.919117647	22.3	291	324.465
1101	0.908265213	21.9	243	266.085
1121	0.89206066	23.4	140	163.8
1142	0.875656743	20.5	130	133.25
1132	0.883392226	18.9	155	146.475
1157	0.864304235	20.3	119	120.785
1160	0.862068966	19.9	114	113.43
1185	0.843881857	21.1	83	87.565
];

Wang_IPK_20atm=[
681	1.468428781	21.5	6642	7140.15
687	1.455604076	20.4	5995	6114.9
734	1.36239782	20.4	3060	3121.2
805	1.242236025	20.6	3332	3431.96
869	1.150747986	20	2686	2686
914	1.094091904	20.2	1910	1929.1
977	1.023541453	20.2	1162	1173.62
989	1.011122346	20	1038	1038
1033	0.968054211	20.4	563	574.26
1080	0.925925926	21.5	303	325.725
1151	0.868809731	20.3	135	137.025
1213	0.824402308	20.5	70	71.75
1252	0.798722045	20.8	45	46.8
1323	0.755857899	21.9	27	29.565];

Wang_S8_20atm=[
673	1.485884101	20.2	2676	2702.76
700	1.428571429	22.5	1621	1823.625
717	1.394700139	20.6	1334	1374.02
732	1.366120219	20.1	1245	1251.225
759	1.317523057	19.6	1453	1423.94
804	1.243781095	20.3	1457	1478.855
832	1.201923077	20	1295	1295
857	1.166861144	19.8	1674	1657.26
870	1.149425287	18.7	1547	1446.445
926	1.079913607	18.7	1362	1273.47
942	1.061571125	20.9	1142	1193.39
956	1.046025105	20.1	1037	1042.185
1016	0.984251969	19.6	593	581.14
1044	0.957854406	24	423	507.6
1046	0.956022945	20.8	387	402.48
1066	0.938086304	20	343	343
1086	0.920810313	19	292	277.4
1119	0.893655049	20.3	221	224.315
1142	0.875656743	19.8	161	159.39
1179	0.848176421	19.8	103	101.97
1180	0.847457627	20	83	83
1260	0.793650794	20.8	39	40.56];










